##Elvaris
1 = 197,5,5
2 = 194,40,40
3 = 174,26,26
4 = 184,65,65
5 = 159,43,43
6 = 173,78,78
7 = 244,31,31
8 = 160,50,50
9 = 223,24,83
10 = 213,17,76

##Cyranthis
11 = 146, 79,79
12 = 101,48,48
13 = 114,27,27
14 = 156,15,15
15 = 198,42,42
57 = 85,69,34

##Ardvon
16 = 117,45,45
17 = 178,91,91
18 = 218,60,60
19 = 148,29,29

##Vandrel
20 = 91,25,25
21 = 126,45,28
22 = 148,33,22
23 = 167,23,9
24 = 128,20,20
25 = 226,96,83
38 = 23,62,47

##Corvalen
26 = 108,33,23
27 = 138,66,56
28 = 115,41,31
29 = 147,27,11
30 = 147,11,47
31 = 207,58,98
32 = 141,54,75
163 = 117,13,41

##Nordrith
33 = 194,38,75
34 = 170,156,110
35 = 71,60,21
36 = 227,199,102
37 = 194,158,33

##Aurenhold
39 = 64,81,75
40 = 173,141,30
41 = 124,124,78
42 = 165,167,16
43 = 63,128,42
44 = 24,178,84

##Kaelmor
45 = 59,93,81
46 = 120,147,131
47 = 30,109,61
48 = 27,61,40
49 = 41,219,110

##Wyrmarch
53 = 167,203,155
54 = 30,84,13
55 = 125,126,61
56 = 45,148,12
52 = 62,101,50
51 = 38,55,33

##Veltharis
162 = 33,198,68
58 = 24,208,62
59 = 90,212,115
60 = 10,132,35
61 = 39,123,66

##Bellanor
62 = 41,213,108
63 = 96,170,125
64 = 22,194,89
66 = 17,151,69
67 = 45,119,74

##Arthemont
69 = 39,140,60
70 = 13,109,50
71 = 11,208,52
72 = 20,115,40
73 = 108,178,123
75 = 56,231,92
76 = 15,245,63
68 = 34,96,58

##Feremont
77 = 33,112,49
78 = 21,133,13
79 = 26,174,96
80 = 44,82,63
81 = 32,103,66
82 = 81,122,100
83 = 18,212,99
84 = 26,128,69
74 = 89,157,103

##Valenfort
85 = 87,93,190
86 = 71,140,61
87 = 41,116,146
88 = 12,123,166
89 = 39,79,95

##Castelor
90 = 79,123,73
91 = 25,30,119
92 = 78,73,129
93 = 46,30,209
94 = 99,86,236
95 = 84,74,193

##Arvendor
96 = 39,14,98
97 = 139,125,174
98 = 87,47,181
99 = 90,67,143
100 = 46,101,148
101 = 38,100,161
65 = 12,217,91

##Wyvenhold
102 = 47,80,204
103 = 18,103,176
104 = 86,113,217
105 = 48,78,151
106 = 59,112,237
107 = 15,61,100
108 = 72,67,156
109 = 46,41,127
110 = 76,54,202

##Dryaris
111 = 129,54,202
112 = 194,22,176
113 = 200,129,193
114 = 148,95,143
115 = 164,90,156
116 = 193,56,179
117 = 236,112,223

##Ulvarin
118 = 58,89,54
119 = 46,167,29
120 = 46,82,42
121 = 108,155,102

##Kelvenor
122 = 43,99,35
123 = 68,127,60
124 = 178,154,32

##Aetheron
125 = 147,130,45
126 = 96,90,56
127 = 112,97,25
128 = 40,51,61

##Caladrel
129 = 19,50,80
130 = 27,17,183
131 = 22,80,137
132 = 59,81,56
133 = 121,148,24
134 = 145,178,30

##Lythvalen
135 = 42,76,38
136 = 35,94,28
137 = 74,88,29
138 = 42,98,41
139 = 13,77,11
140 = 147,162,94

##Sylendar
141 = 169,170,92
142 = 98,99,44
143 = 150,151,56
144 = 107,108,30
160 = 142,143,19

##Cerandor
145 = 132,133,52
146 = 157,159,14
147 = 80,91,46

##Lorathen
148 = 74,75,9
149 = 141,143,10
150 = 175,176,75

##Vyras
152 = 168,206,97
153 = 130,188,20
154 = 144,183,69
155 = 83,118,17
156 = 87,235,95
157 = 92,176,97
158 = 37,169,45
159 = 42,151,48
161 = 101,134,38


##Jungle
151 = 125,126,54
164 = 71,203,48
165 = 24,81,14
166 = 64,156,48
167 = 90,147,80
168 = 42,181,17
169 = 116,186,104
170 = 61,98,54
171 = 37,137,19
172 = 65,95,50
173 = 78,202,18
174 = 51,137,9
175 = 126,223,109
176 = 43,184,19
177 = 103,195,87

##Sabarissan Ridge
178 = 86,113,150
179 = 78,93,113
180 = 54,75,104
181 = 22,71,138
182 = 55,110,186
183 = 125,138,171
184 = 22,47,119
185 = 61,72,103
255 = 74,84,105

##Dwarven Cities
186 = 85,76,55
187 = 235,192,83
188 = 96,77,27
189 = 170,137,55
190 = 197,152,44
191 = 142,129,96
192 = 89,79,55
193 = 105,81,21
194 = 122,104,60
195 = 169,141,72

##Dwarven Mountains
196 = 86,63,138
197 = 100,93,213
198 = 127,124,170
199 = 32,29,77
200 = 32,23,178
201 = 83,78,160
202 = 46,42,114
203 = 32,31,46
204 = 16,14,51
205 = 32,30,70
206 = 99,97,126
207 = 59,63,104
208 = 28,40,160
209 = 112,115,140
210 = 27,31,75
211 = 59,79,121
212 = 73,98,150
213 = 54,58,107
214 = 32,49,75
215 = 64,81,107
216 = 18,54,112
217 = 34,103,212
218 = 16,75,169
219 = 99,133,186
220 = 87,99,118
221 = 63,111,188
50 = 67,138,112
254 = 5,15,122

##Northern Mountains
222 = 41,157,34
223 = 83,117,43
224 = 53,66,72
225 = 33,51,61
226 = 72,96,109
227 = 36,59,95
228 = 29,78,104
229 = 125,138,110
230 = 66,112,13
231 = 127,188,55
232 = 186,219,147
233 = 38,200,174
234 = 29,150,112
235 = 94,199,166
236 = 88,160,148
237 = 98,175,162
238 = 128,214,200
239 = 25,72,65
240 = 27,129,113
241 = 60,167,223
242 = 79,155,194
243 = 161,211,237
244 = 101,54,141
245 = 99,63,131
246 = 80,21,131
247 = 124,107,138
248 = 166,118,207
249 = 130,68,166
250 = 162,86,174
251 = 30,103,78
252 = 39,12,82
253 = 142,31,61

##Dark Forest
256 = 13,34,10
257 = 44,84,39

##Frontier
258 = 236,148,32
259 = 186,135,68
260 = 142,119,88
261 = 108,76,33
262 = 114,79,34
263 = 155,65,32
264 = 195,114,84
265 = 195,57,7
266 = 242,117,72

##Cold Desert
267 = 70,53,18
268 = 192,135,77
269 = 159,132,105
270 = 219,167,112
271 = 192,159,77
272 = 207,142,75
273 = 225,205,155
274 = 186,148,51
275 = 53,88,112
276 = 73,141,186
277 = 20,169,212
278 = 44,112,157
279 = 60,134,184
280 = 131,100,22
281 = 34,136,165
282 = 160,154,115
283 = 105,99,60
284 = 165,145,74
285 = 235,217,66
286 = 98,70,9
287 = 134,112,62
288 = 244,176,28
289 = 199,178,132
290 = 81,58,8
291 = 109,62,19
292 = 146,107,71
293 = 109,96,83
294 = 150,79,15
295 = 233,146,66
296 = 209,108,15
297 = 113,104,95
298 = 148,136,34
299 = 200,192,117
300 = 146,142,107
301 = 63,178,180
302 = 175,231,232
303 = 47,186,188
304 = 166,211,212
305 = 198,216,87
306 = 34,123,124
307 = 12,89,90
308 = 105,143,143
309 = 105,134,143
310 = 206,198,134
311 = 147,136,41
312 = 155,173,39
313 = 125,131,89
314 = 209,136,77
315 = 147,142,109
316 = 119,109,74
317 = 154,138,41
